125.32
124.25
124.43
126.37
123.25
124.24
123.38
126.69
127.21
125.90
127.50
128.47
127.04
124.95
123.59
124.45
122.24
124.51
127.14
126.60
126.41
128.54
129.36
129.09
128.46
130.42
128.79
132.17
133.00
129.50
128.45
128.72
127.83
127.08
126.46
124.88
122.02
119.72
118.93
119.94
119.56
118.65
118.63
117.16
118.90
115.31
109.14
113.10
112.98
112.40
109.55
108.72
105.99
106.82
109.80
110.22
109.25
112.01
111.89
107.75
106.26
106.25
109.33
110.38
112.52
113.91
113.99
112.01
112.54
112.94
111.78
112.65
109.41
106.75
108.23
109.73
111.62
111.95
114.12
112.40
115.00
115.49
115.93
114.63
115.07
118.93
119.00
117.60
118.63
116.47
116.31
114.67
115.47
113.99
114.18
112.82
111.25
109.70
108.83
109.01
108.70
108.86
108.60
109.40
108.00
106.98
107.34
106.74
105.11
105.22
104.83
102.99
102.47
99.76
97.67
96.26
97.54
98.75
99.81
100.73
101.02
100.80
98.75
99.62
99.62
99.90
99.18
100.75
100.11
100.75
97.87
101.75
102.64
101.06
100.96
101.79
101.58
100.86
101.63
101.66
101.43
101.00
97.99
98.36
98.97
98.12
98.94
103.30
102.50
102.25
102.13
100.89
101.54
101.32
100.58
100.57
100.53
99.16
97.98
97.50
97.24
95.97
95.99
94.74
94.48
94.96
95.12
95.59
96.13
95.60
98.15
98.38
99.02
97.67
97.03
97.19
94.72
93.94
94.43
93.09
94.78
95.32
96.45
95.22
95.04
95.39
95.35
95.97
94.03
93.48
93.52
92.93
91.98
90.90
90.36
90.28
90.83
90.91
91.86
92.18
92.08
92.20
91.28
92.29
93.86
94.25
93.70
645.57
647.35
644.82
637.54
628.65
633.00
635.38
624.01
625.63
614.13
607.27
606.31
604.71
604.59
597.51
588.82
593.87
593.76
592.83
585.54
587.99
592.33
594.41
600.96
592.58
591.48
590.09
592.33
594.09
571.94
567.77
524.75
531.70
531.17
524.94
519.01
517.96
521.68
519.61
523.48
530.32
523.44
523.47
531.82
538.79
542.55
541.65
536.74
536.86
537.46
539.78
544.99
539.19
532.87
528.70
531.26
531.40
526.74
524.69
530.65
536.61
536.09
530.92
530.44
530.75
532.36
531.24
527.76
526.24
527.67
517.35
522.06
527.55
525.25
531.15
537.37
545.99
543.99
544.43
535.92
535.96
528.99
519.68
512.51
512.59
508.79
501.53
500.60
499.78
500.75
506.50
550.50
546.07
556.18
551.51
549.07
540.67
554.25
557.36
546.39
535.73
532.94
536.52
543.46
540.04
543.93
540.98
553.13
561.02
554.52
560.09
563.90
567.67
570.09
549.02
544.46
550.77
554.99
557.50
554.43
560.54
561.36
565.55
566.43
560.02
567.90
565.00
566.32
551.23
556.07
545.96
533.40
523.74
519.80
521.14
515.00
519.55
518.63
524.99
528.16
520.63
520.01
519.05
520.56
512.49
520.92
525.45
526.75
520.03
522.70
524.90
516.68
529.88
525.96
531.91
524.96
519.87
521.36
508.89
504.50
501.11
498.68
496.04
492.81
489.64
486.59
480.94
487.75
483.03
483.41
489.56
487.96
476.75
482.75
486.22
481.53
489.10
490.64
467.41
472.30
464.68
455.32
450.12
464.90
472.69
467.71
494.64
506.17
498.22
495.27
498.69
488.58
487.22
491.70
490.90
488.59
502.97
501.02
502.96
502.36
501.07
507.74
502.33
497.91
498.50
489.57
467.36
454.45
461.01
464.98
465.25
469.45
462.54
456.68
452.53
453.32
447.79
440.99
438.50
440.51
418.99
426.31
424.95
431.76
430.31
430.20
427.44
426.51
427.29
420.73
422.35
415.05
417.42
420.80
418.49
409.22
396.53
393.78
398.07
402.63
402.54
413.50
416.84
423.00
431.77
432.00
430.05
435.96
432.19
437.60
438.89
441.81
438.46
445.11
449.31
450.72
449.73
451.58
444.95
441.44
445.15
442.14
441.35
439.66
442.93
433.26
434.58
428.85
443.86
454.74
452.97
456.77
463.84
458.66
460.71
449.98
445.52
439.29
442.78
430.12
417.20
408.38
405.46
406.13
398.67
390.53
392.05
402.80
426.24
419.85
429.80
434.33
435.69
426.98
426.21
423.20
427.72
431.99
429.79
428.91
442.66
452.08
461.14
463.58
461.91
452.73
452.08
454.49
455.72
443.66
432.50
428.35
428.43
437.87
431.72
430.58
425.66
431.14
420.05
430.47
441.40
444.57
448.97
442.80
450.81
446.06
448.85
459.99
460.16
466.59
467.01
467.90
479.93
474.98
468.22
457.35
457.84
442.32
453.62
455.49
456.83
458.27
449.83
439.88
450.50
514.01
504.77
500.00
502.68
506.09
485.92
501.75
520.30
523.51
517.10
525.31
523.90
527.00
542.10
549.03
532.17
509.59
515.06
513.00
520.17
519.33
521.73
526.31
533.90
518.83
509.79
529.69
539.00
541.39
529.82
533.25
547.24
538.79
575.85
586.19
585.28
589.36
582.94
584.78
589.53
571.50
561.70
560.91
565.73
527.68
525.62
536.88
542.90
542.83
547.06
537.75
558.00
582.85
584.62
576.80
596.54
595.32
604.00
609.54
616.83
613.36
634.03
609.84
632.64
644.61
649.79
634.76
629.71
628.10
640.91
635.85
638.17
652.59
666.80
671.45
661.31
659.39
667.10
681.32
665.18
673.54
690.79
700.09
698.70
702.10
701.91
699.78
691.28
682.98
669.79
660.59
662.74
680.44
676.27
670.23
674.97
665.24
663.87
673.47
674.80
675.68
663.22
662.63
668.87
656.06
665.15
648.11
636.34
630.83
631.69
630.00
621.70
620.73
619.86
620.91
622.55
615.70
607.79
606.81
610.76
595.03
585.16
574.88
574.97
600.92
603.83
604.30
614.32
606.26
606.94
606.91
604.97
598.90
604.43
608.21
613.89
605.88
609.94
599.41
592.52
584.00
569.05
574.50
572.03
570.77
582.10
577.67
585.74
587.41
585.78
574.13
571.53
572.16
576.16
571.17
580.32
571.72
571.46
562.83
564.29
560.99
577.73
579.17
572.27
562.29
565.32
570.56
556.97
561.28
530.38
530.12
546.08
553.17
558.22
566.71
570.52
569.18
568.18
569.48
565.25
581.82
585.98
582.13
583.98
603.00
607.70
610.00
560.28
571.70
572.98
587.44
608.34
609.70
580.13
605.23
622.77
626.20
628.44
636.23
633.68
624.31
629.32
618.63
599.55
609.86
617.62
614.48
606.98
596.05
599.34
602.50
605.96
601.10
585.57
585.56
589.58
568.10
552.00
545.17
541.99
530.69
530.26
533.16
545.18
544.47
542.44
535.41
525.76
522.41
516.39
513.04
514.85
502.12
502.21
497.67
509.46
502.60
493.42
493.17
476.68
468.83
463.97
459.68
455.12
456.19
456.48
453.01
447.28
444.63
446.66
420.41
427.41
420.30
427.75
429.11
424.70
419.81
421.39
422.55
423.24
421.73
422.40
418.03
413.44
411.23
405.00
405.12
402.64
406.53
403.33
398.55
396.45
395.95
382.21
381.02
378.94
380.19
388.81
391.84
393.62
390.66
389.09
390.95
393.01
389.70
387.93
382.20
373.20
376.12
363.57
366.99
376.51
369.01
374.94
377.41
384.77
388.83
379.26
384.62
385.22
395.28
406.23
399.73
400.24
403.07
397.41
396.51
404.78
404.95
404.69
400.60
397.77
405.77
392.87
395.31
398.62
422.24
419.99
422.00
408.43
402.19
400.29
388.81
369.80
377.37
378.25
372.50
374.60
381.32
390.57
397.01
399.26
403.17
404.30
401.82
412.14
413.45
411.63
400.50
392.96
389.30
384.62
379.94
377.48
384.14
383.93
379.74
374.05
381.03
384.83
389.99
389.97
383.58
373.72
376.18
373.60
356.44
356.03
366.05
380.44
380.48
383.41
376.99
373.70
363.69
374.01
353.21
373.62
377.37
392.57
388.91
396.75
390.48
391.82
392.59
403.41
398.50
393.30
387.29
386.90
376.85
373.80
364.92
357.77
358.02
353.75
354.00
359.71
357.20
351.76
349.43
343.26
335.67
334.04
335.26
332.04
326.35
331.23
322.61
325.30
315.32
320.26
325.16
326.75
332.44
326.60
325.90
331.49
332.24
332.04
338.04
343.44
346.10
345.51
347.83
337.41
335.00
336.78
332.19
334.40
335.22
340.53
339.87
336.14
333.30
340.50
346.57
347.23
349.45
347.60
346.66
346.75
349.57
348.20
346.28
350.13
346.75
350.15
350.42
353.01
350.70
342.41
337.86
331.85
327.46
332.42
336.13
332.40
330.80
335.06
338.08
338.04
338.89
341.19
344.56
348.51
348.63
350.96
350.44
351.54
344.97
339.19
341.20
339.30
330.67
334.64
330.01
345.43
353.56
351.99
346.67
352.47
355.76
355.36
360.00
359.56
352.12
349.31
353.21
348.16
342.88
342.62
338.61
350.56
358.30
363.13
359.90
359.18
356.85
354.54
358.16
355.20
351.88
346.50
343.44
344.32
345.03
339.32
336.10
343.21
343.85
341.40
337.45
326.72
332.68
338.84
340.65
348.48
345.68
344.42
341.64
342.45
336.12
333.73
334.00
331.29
329.57
322.56
323.66
325.29
325.47
324.68
323.60
325.16
324.20
322.21
320.61
321.25
320.36
320.29
321.67
320.56
319.76
321.01
318.21
320.15
317.44
318.15
316.40
311.15
316.87
315.00
314.80
308.73
313.36
306.73
308.43
300.50
301.59
307.04
308.03
316.65
318.03
316.08
318.62
317.13
318.27
312.80
309.36
304.18
300.98
305.24
307.83
308.05
308.84
307.47
309.52
310.53
309.49
318.00
314.74
302.31
300.14
298.54
295.36
294.07
289.22
289.19
288.94
278.64
282.52
283.75
287.37
286.86
291.16
292.32
288.92
287.75
283.77
283.23
275.37
276.57
270.22
268.06
267.04
263.41
263.07
262.92
257.81
258.77
252.17
250.33
243.10
242.50
241.62
240.28
242.89
239.93
245.80
249.64
249.88
253.07
251.97
247.64
249.10
251.79
250.19
259.41
261.75
260.09
261.70
262.98
261.93
261.85
257.25
258.11
260.96
264.08
259.28
259.94
259.02
254.24
251.89
245.58
249.90
251.45
252.73
251.80
257.29
259.62
258.09
258.67
248.63
246.94
248.48
251.53
256.17
268.30
266.70
269.00
270.97
273.85
270.17
274.07
271.87
267.25
259.69
254.28
253.51
250.51
243.20
249.33
250.94
255.96
263.12
263.95
260.83
256.88
253.35
244.11
245.22
246.76
242.32
237.76
248.34
252.36
254.22
253.82
258.36
262.09
256.52
253.99
235.86
246.25
255.99
258.68
266.35
261.09
268.64
261.60
262.04
269.50
270.83
266.47
259.22
244.59
247.07
247.40
248.92
245.69
242.43
242.29
241.79
239.95
240.60
239.54
238.49
235.97
235.00
235.85
232.39
230.90
226.65
229.37
228.36
224.75
222.25
224.65
224.12
224.45
223.84
226.60
225.50
224.84
223.02
219.08
218.95
210.71
209.33
208.85
208.99
204.62
202.00
200.66
197.06
200.42
201.67
202.93
202.55
203.40
200.38
198.67
195.12
196.19
194.12
195.46
192.05
199.23
195.86
194.73
192.06
199.29
207.88
205.94
203.07
197.75
208.07
211.73
215.04
205.93
209.43
210.65
207.72
210.11
211.98
210.58
210.97
214.38
214.01
210.73
211.64
209.10
211.61
209.04
202.10
200.36
198.23
195.43
191.86
195.03
194.17
196.98
194.67
196.43
197.80
189.87
188.95
193.32
196.48
196.23
196.97
199.91
200.59
204.19
204.44
205.88
199.92
200.51
205.96
207.00
206.63
204.45
201.99
203.25
202.98
201.46
194.34
194.03
190.81
188.75
189.31
188.50
196.35
192.40
197.37
202.48
203.94
205.20
204.92
198.76
189.86
188.05
190.56
191.29
190.02
190.81
190.47
189.27
190.25
190.01
186.02
184.90
180.86
185.35
185.38
186.15
182.37
183.82
185.50
184.48
184.02
185.02
184.55
181.87
175.16
173.72
172.16
172.56
171.14
172.93
170.31
166.55
165.18
165.30
168.21
170.05
169.45
167.41
169.40
169.06
169.22
166.33
164.60
164.00
159.59
166.78
168.42
165.31
162.83
164.72
165.51
163.91
165.11
165.55
166.43
163.39
162.79
160.03
160.00
160.10
159.99
157.82
156.74
151.51
152.91
151.75
147.52
146.88
142.27
142.34
138.52
136.36
137.22
135.40
138.61
140.02
142.83
142.43
141.97
142.44
139.86
136.22
134.01
137.37
139.48
135.88
135.58
136.35
136.09
136.97
139.95
140.25
142.72
143.85
144.67
143.74
140.95
139.49
139.35
135.81
135.07
133.05
130.78
122.50
124.18
125.87
127.45
126.65
122.42
122.95
119.49
124.42
129.57
129.19
129.06
132.50
132.71
132.07
127.24
125.83
125.14
123.90
124.73
123.90
125.40
121.51
121.76
120.50
123.42
121.45
117.64
118.31
120.22
119.57
116.32
115.00
118.45
115.99
112.71
108.69
105.12
104.49
106.85
109.87
106.49
106.50
107.66
101.59
101.62
101.52
99.66
95.42
95.93
96.35
92.68
88.63
83.11
85.30
88.84
91.17
88.37
87.94
89.31
89.19
91.16
90.25
86.95
91.20
90.64
94.37
94.53
99.16
99.27
96.82
97.83
102.51
99.72
96.46
93.55
92.98
91.51
90.13
93.00
94.20
90.73
89.64
88.36
88.36
82.83
78.20
82.33
83.38
85.33
87.71
88.66
90.58
92.70
91.01
93.02
94.58
90.75
85.35
86.29
86.61
85.81
85.04
86.38
85.74
90.00
89.43
89.16
95.43
94.75
98.27
95.00
98.21
100.06
99.72
94.00
91.41
95.90
92.47
88.93
92.67
95.00
90.80
92.95
82.58
80.49
86.29
89.91
88.14
90.24
96.44
90.12
94.77
95.88
98.24
99.10
103.30
110.99
106.96
107.59
111.04
104.55
99.91
92.09
96.38
98.23
96.87
91.49
98.44
97.40
101.89
97.95
104.08
110.26
96.80
88.74
89.79
89.16
98.14
97.07
100.10
109.12
113.66
105.26
128.24
131.93
128.71
126.84
131.05
140.91
134.09
127.83
139.88
140.36
148.94
152.65
151.61
151.68
157.92
160.18
161.22
166.96
166.19
169.53
173.74
174.67
173.64
172.55
176.79
174.29
175.84
173.53
175.39
175.74
179.32
179.30
176.73
173.56
169.55
163.57
164.19
160.64
153.23
156.66
158.95
159.88
157.08
154.40
162.12
159.03
166.26
162.02
166.29
165.15
171.81
172.81
169.64
173.88
172.58
176.63
174.25
179.55
175.16
170.12
168.18
174.68
167.44
170.09
168.26
177.39
173.25
173.16
175.27
180.90
178.75
181.43
176.84
172.37
173.26
180.81
185.64
181.61
185.64
189.43
185.19
185.37
186.10
188.75
186.69
187.01
186.43
181.17
177.05
178.19
185.90
183.60
187.62
189.73
186.26
189.96
188.16
183.45
185.06
182.59
186.66
184.73
180.94
180.00
173.95
175.05
172.24
169.73
168.94
162.89
160.20
168.16
161.04
154.49
153.70
148.38
147.78
147.14
154.55
151.44
152.84
155.89
153.08
151.61
147.49
149.53
143.50
143.01
140.25
145.06
140.98
139.53
133.27
129.67
132.82
126.73
126.61
127.94
126.03
127.35
119.69
122.25
120.93
124.49
124.62
121.73
125.02
129.91
122.96
119.15
119.74
119.46
121.54
123.82
122.18
124.63
127.46
129.40
124.86
129.45
125.48
121.24
122.00
129.36
131.65
133.75
135.36
132.18
131.54
130.01
130.01
135.60
139.07
155.64
161.36
160.89
159.64
169.04
178.78
172.69
178.02
179.40
171.25
177.64
180.05
194.93
194.84
198.08
199.83
198.57
198.95
198.80
193.91
187.21
183.12
182.98
184.40
190.39
191.83
190.86
188.54
194.21
194.30
189.95
185.50
179.81
178.86
182.22
184.29
180.22
174.81
172.54
171.54
168.46
168.85
163.95
166.39
164.30
166.11
169.96
153.76
165.37
175.47
186.30
191.79
186.18
187.87
187.44
189.95
187.00
185.09
184.70
182.78
185.93
186.16
174.36
170.42
173.50
172.75
169.58
166.98
167.25
162.23
166.79
167.86
167.91
161.45
156.24
157.92
158.45
156.34
153.47
154.50
152.77
153.18
148.28
144.15
140.31
140.77
140.92
138.41
138.81
137.20
136.85
135.49
136.71
131.77
135.01
136.76
144.16
138.48
136.25
134.08
126.82
132.25
135.30
131.07
132.51
127.57
122.22
122.06
117.05
119.90
124.03
127.79
125.00
126.39
134.01
135.03
135.25
131.85
136.49
135.00
131.76
141.43
143.85
146.00
137.26
134.89
143.70
143.75
140.00
138.12
138.91
138.10
137.73
134.07
132.39
132.35
130.33
132.30
132.75
127.17
121.26
122.04
120.56
121.89
119.65
122.34
123.00
123.90
121.55
123.66
125.09
120.50
118.75
117.50
120.38
120.19
124.49
124.07
123.64
122.67
121.33
118.40
121.19
118.77
114.35
113.62
110.69
112.89
113.54
111.98
110.02
109.44
107.34
107.52
109.36
108.74
107.34
106.88
105.06
103.92
100.81
100.40
100.39
99.47
99.80
99.92
98.84
95.35
93.24
93.51
90.97
90.27
90.40
90.35
91.43
90.24
92.19
92.59
94.25
93.65
94.68
94.27
94.50
93.65
92.91
93.75
93.24
95.46
95.85
93.52
93.96
93.87
91.48
91.13
89.59
89.57
90.00
88.40
89.87
87.97
88.00
87.72
88.19
86.32
85.41
87.06
84.61
83.93
88.51
89.07
89.51
89.20
85.90
84.83
85.21
85.30
84.70
84.88
83.27
86.18
86.15
84.15
83.94
84.75
84.74
85.73
85.55
85.94
85.38
86.25
86.70
85.70
86.79
88.50
89.07
94.95
97.10
94.62
95.80
97.00
92.57
85.47
85.05
85.66
83.80
84.84
80.87
81.52
81.51
82.20
82.90
84.76
86.31
85.47
87.72
88.55
89.05
86.14
88.75
88.26
87.04
89.83
91.27
91.12
91.32
91.66
91.80
91.81
89.54
91.63
90.31
88.60
86.47
85.85
85.61
84.05
85.00
84.35
83.12
83.34
82.45
80.51
79.71
78.29
78.98
79.16
81.08
80.42
80.41
82.19
81.68
81.05
81.46
79.95
78.99
74.53
74.29
75.40
75.02
75.26
73.23
73.81
74.63
74.22
74.83
75.38
74.08
74.86
76.98
77.01
76.41
77.61
75.75
73.00
74.65
75.26
73.77
73.89
74.10
74.17
74.20
72.63
72.50
72.52
72.80
70.03
71.48
68.38
67.85
66.96
66.48
66.98
68.75
67.81
67.31
67.62
66.56
67.91
67.59
67.98
66.45
63.94
63.65
64.07
63.59
64.78
67.21
68.30
69.59
68.16
67.18
67.96
65.59
63.40
63.87
61.93
61.42
60.72
60.50
54.10
52.90
52.37
50.67
52.25
52.96
55.65
55.00
55.40
55.77
57.00
57.95
57.27
58.97
56.02
57.43
58.99
58.83
59.58
57.86
57.47
57.20
57.56
59.38
57.61
58.33
57.00
59.24
60.76
58.56
59.72
60.00
61.66
62.17
59.77
61.22
63.55
64.33
63.34
63.15
63.38
64.51
63.18
65.26
64.98
67.79
67.70
68.15
70.60
71.03
71.89
71.89
71.13
71.14
71.62
69.60
70.39
69.36
68.15
66.17
65.75
67.04
67.63
65.65
66.22
64.81
66.47
66.71
67.99
68.67
69.79
71.24
67.21
61.17
62.65
62.72
62.75
62.33
58.71
59.51
59.96
60.16
61.67
61.81
63.99
64.66
64.31
66.23
67.32
65.68
63.19
63.93
65.66
66.31
65.48
67.72
69.61
69.10
68.49
70.99
71.46
71.75
71.32
69.08
70.29
70.57
69.22
67.64
64.71
67.31
64.95
68.81
67.60
67.30
71.85
72.10
75.42
75.51
75.00
72.03
72.33
74.20
76.04
77.67
76.09
79.04
82.49
84.71
85.59
84.29
83.90
80.86
76.05
76.30
74.38
74.97
74.75
71.89
71.45
73.57
74.23
73.35
74.02
73.50
72.11
71.38
71.11
72.18
72.01
74.98
74.91
74.33
74.08
73.95
74.05
71.82
72.63
71.60
67.82
68.10
69.66
69.34
67.11
66.52
64.96
64.56
64.52
64.95
62.28
61.45
61.54
61.18
60.11
59.90
60.23
61.15
61.85
59.95
57.50
57.59
54.47
55.41
57.03
56.10
56.79
55.66
56.14
54.94
52.21
53.44
54.00
53.74
49.25
51.59
50.37
51.30
51.70
52.78
53.75
54.44
53.61
52.34
51.08
53.44
53.84
53.20
51.90
52.11
53.19
52.64
51.21
49.87
49.61
50.82
51.40
51.31
49.78
48.68
48.80
46.22
46.26
46.89
46.57
45.84
45.74
46.06
45.77
45.74
45.87
45.83
46.30
47.15
46.25
47.68
46.10
44.00
43.38
43.82
42.65
42.99
42.71
43.22
43.19
42.75
42.65
43.80
43.99
43.63
43.81
44.00
43.29
43.63
43.19
41.49
41.55
40.75
38.35
38.24
38.10
38.25
37.63
37.39
37.98
36.50
36.81
36.37
37.31
37.10
37.76
38.89
38.55
37.86
37.61
38.31
37.98
37.13
36.00
35.90
35.81
37.65
36.92
36.54
37.92
38.24
40.04
40.30
39.76
40.56
40.74
39.78
39.70
39.76
37.55
37.55
35.84
35.36
35.55
34.77
34.13
35.61
36.42
36.97
37.24
36.68
37.15
36.21
36.43
36.06
35.54
35.95
36.19
36.98
35.50
37.18
35.51
37.09
35.62
35.35
37.26
41.04
42.66
41.92
43.74
43.56
42.33
41.89
41.09
40.89
41.67
42.80
41.75
42.53
42.50
42.55
42.83
43.70
42.96
42.25
41.18
40.96
40.32
40.27
39.83
39.35
40.53
42.75
42.81
41.79
44.12
44.50
44.86
88.99
88.93
88.23
85.29
86.81
87.81
90.13
88.41
84.63
81.21
78.36
78.74
80.90
78.94
78.84
77.81
79.63
77.53
76.90
73.98
72.64
72.25
72.05
70.76
70.49
70.46
69.88
70.65
70.20
69.80
65.46
64.56
68.96
69.25
64.55
64.50
63.94
63.29
64.40
64.80
64.44
64.18
63.16
64.01
63.75
63.69
62.72
64.99
66.60
65.26
65.29
64.91
65.15
63.99
63.28
62.89
65.78
62.68
65.21
67.79
67.05
68.44
64.55
64.05
61.27
61.35
55.17
55.39
54.90
54.94
55.24
55.50
55.30
54.75
54.05
54.38
54.72
54.45
55.31
53.50
52.45
52.40
52.19
50.30
47.97
47.55
47.41
47.94
47.47
47.42
47.75
45.50
44.98
39.75
38.29
38.59
39.06
39.62
40.64
39.37
38.79
38.67
38.75
38.68
38.04
37.53
37.29
37.27
36.92
38.01
37.71
37.14
36.35
35.20
35.49
35.59
35.87
35.70
36.35
35.76
35.23
35.66
35.86
34.49
34.12
34.35
34.66
33.05
31.95
31.08
30.80
30.71
31.74
30.87
30.78
30.84
30.37
31.01
31.52
30.30
29.78
31.39
31.79
31.29
31.58
32.34
32.64
32.27
32.43
31.26
30.70
31.68
31.62
32.20
31.97
32.20
32.93
29.58
29.22
29.14
30.03
30.14
30.39
30.95
31.08
32.30
32.54
32.50
32.49
33.70
33.18
33.70
33.00
32.33
32.91
32.81
32.74
30.69
30.12
30.74
30.20
30.35
29.81
28.78
28.40
28.92
28.06
28.06
28.17
28.51
28.41
27.34
27.11
26.71
26.47
27.06
26.64
27.06
27.19
27.30
27.14
26.28
26.67
26.58
26.65
26.14
26.07
25.78
26.77
26.45
26.94
27.13
27.70
27.78
27.73
27.73
28.35
29.18
29.30
26.64
26.93
28.04
27.53
27.31
27.83
28.32
27.50
27.11
27.04
27.92
27.91
27.04
26.87
25.50
25.29
25.86
25.86
25.67
26.19
25.82
26.45
27.56
27.15
27.68
27.10
26.00
26.74
25.16
23.92
23.81
24.02
23.92
23.04
22.81
22.36
22.19
22.40
22.47
23.26
23.16
23.00
23.73
23.80
22.98
22.67
22.71
22.42
21.79
22.26
22.32
22.56
22.68
22.52
23.07
23.01
22.56
22.18
22.61
22.73
22.72
22.85
24.20
24.12
23.73
23.00
23.36
22.59
22.09
22.17
21.28
21.37
21.28
21.15
20.78
20.41
19.81
19.85
19.70
20.04
19.88
20.12
20.17
20.89
21.21
20.38
20.45
21.05
20.85
21.15
21.03
21.54
21.71
20.91
20.72
20.68
21.15
20.28
20.38
20.42
20.41
21.13
21.46
22.42
22.33
21.54
21.90
22.50
23.12
23.03
22.91
23.15
22.89
23.09
23.69
23.72
22.60
22.60
22.99
22.76
23.18
23.22
22.75
23.25
24.82
24.55
24.35
23.68
23.45
23.06
23.22
22.29
21.69
20.57
20.79
20.72
21.30
20.69
20.43
21.32
22.43
22.08
22.58
22.88
22.12
22.36
22.21
23.10
22.56
22.18
22.37
22.74
22.50
22.83
22.95
22.85
22.61
22.19
21.48
21.05
20.86
20.88
21.68
21.01
20.32
20.34
19.71
19.97
20.18
19.70
19.66
19.64
19.93
19.63
20.38
21.21
20.73
21.08
20.28
20.72
20.99
21.54
20.51
20.79
20.80
20.61
20.86
20.90
19.87
19.61
19.90
19.85
19.58
19.89
20.40
19.87
19.13
19.27
19.09
19.06
18.73
19.29
19.09
18.78
19.06
19.20
19.14
19.12
18.19
18.27
17.42
17.77
17.45
17.18
16.79
17.15
17.64
17.60
17.31
17.45
17.95
18.10
18.28
18.88
18.32
18.24
17.85
17.79
18.10
18.80
18.73
18.55
18.67
18.56
18.30
18.00
17.65
17.50
16.09
14.45
14.36
14.22
14.06
13.86
13.35
13.44
13.58
13.51
13.14
13.12
13.24
13.39
13.58
13.20
14.37
14.19
14.45
14.49
14.41
14.46
14.60
14.16
14.14
14.57
14.49
14.41
14.55
14.37
15.00
14.91
14.95
15.00
15.01
14.78
14.72
14.22
14.23
14.37
14.53
14.56
14.62
14.56
14.65
15.01
14.86
14.50
15.02
14.74
15.00
14.77
14.85
15.27
14.67
14.54
14.39
14.35
14.35
14.15
14.43
14.45
14.60
14.66
14.36
14.32
14.93
14.58
14.13
13.80
14.17
13.88
14.02
14.10
14.62
14.43
14.61
14.63
14.72
14.68
14.55
14.85
14.90
14.90
14.80
14.33
14.07
14.06
14.40
14.36
14.49
14.14
14.20
14.57
15.08
14.85
14.79
15.19
15.49
15.28
14.75
14.95
14.63
14.97
15.16
15.18
15.50
15.72
15.41
15.97
16.01
16.35
15.53
15.27
15.65
15.95
16.30
15.59
15.64
15.16
15.84
16.00
17.22
16.90
16.89
16.36
16.07
15.98
15.44
15.61
15.42
14.69
14.88
14.70
14.56
14.34
14.11
14.56
15.16
14.77
14.51
14.11
13.59
13.68
13.77
14.03
14.30
14.17
14.51
14.50
14.72
14.70
14.93
14.64
14.85
14.87
14.58
15.02
14.80
14.50
14.17
14.14
14.29
14.33
14.37
14.38
14.18
14.48
14.05
14.75
14.70
14.70
14.85
15.53
15.73
15.97
16.12
15.91
15.98
15.81
15.61
15.17
14.59
14.99
15.00
15.30
15.03
14.74
13.99
14.45
14.80
15.26
15.43
15.02
14.34
14.36
15.20
14.47
14.92
14.96
14.99
15.63
17.86
18.23
17.51
18.30
17.32
17.53
18.01
18.74
17.55
16.94
17.06
17.72
17.06
16.55
17.14
17.27
16.85
17.11
17.12
20.15
20.54
20.10
19.54
20.09
20.46
21.48
21.40
22.16
22.72
22.78
22.91
23.30
24.20
23.98
23.98
24.15
25.18
24.32
23.46
24.74
25.01
25.21
25.28
25.61
23.94
23.32
24.19
24.37
22.47
22.65
23.51
23.69
23.98
24.27
23.96
23.01
24.12
23.77
24.25
24.53
24.98
25.41
26.11
25.74
25.00
25.06
24.86
24.66
24.10
24.56
24.74
24.90
23.75
24.07
24.46
23.67
23.47
23.46
23.35
24.09
24.27
24.92
24.85
24.74
24.95
24.43
24.49
24.72
25.06
24.66
24.38
24.07
23.53
24.29
23.45
21.70
21.96
23.67
23.81
22.74
21.50
23.13
22.62
23.90
24.60
25.01
24.71
24.98
24.03
24.30
24.67
25.45
25.35
24.41
24.72
24.09
23.07
23.27
23.25
23.21
23.02
21.82
22.17
22.48
20.78
21.70
21.15
21.05
21.23
21.65
22.61
22.90
23.69
23.58
23.30
21.90
22.43
22.07
21.49
21.36
21.00
20.67
21.62
21.01
20.62
20.39
21.00
21.49
21.78
22.54
22.54
22.78
23.76
22.40
21.05
21.30
20.42
20.53
21.00
21.37
19.84
19.68
19.53
20.00
18.97
19.45
19.61
19.37
18.75
18.71
18.71
19.59
19.57
19.07
18.57
18.59
17.56
17.60
17.63
18.67
19.19
18.95
18.14
19.02
18.30
18.00
16.99
18.01
17.99
18.01
17.74
16.82
16.00
16.20
16.14
15.88
14.98
15.05
15.54
15.51
15.51
15.15
15.54
16.45
15.73
15.68
17.02
16.28
16.99
17.37
17.28
17.72
18.55
18.25
18.55
17.83
17.83
18.40
18.92
18.57
17.81
18.21
17.92
18.12
18.07
18.65
18.44
18.73
19.09
19.02
19.05
18.90
19.25
19.13
19.50
19.82
19.06
18.79
18.93
18.96
18.59
18.47
19.09
19.54
19.98
19.96
20.79
25.10
23.96
24.85
24.36
22.54
21.14
22.70
22.03
23.19
23.84
23.90
23.25
23.54
23.34
23.75
23.99
22.26
22.49
21.67
20.19
20.33
20.44
19.88
20.47
20.31
20.04
21.32
21.66
20.73
20.94
20.66
20.89
19.95
19.78
21.47
22.76
23.20
23.23
23.50
23.56
23.53
23.55
24.10
23.18
23.29
22.85
23.00
23.98
24.57
24.96
25.75
24.96
26.59
25.93
25.49
26.20
24.69
24.72
24.03
24.25
25.04
25.72
22.79
20.40
21.44
22.42
21.80
22.04
20.54
20.59
20.87
19.50
20.24
21.59
22.07
22.53
22.17
22.87
21.78
23.00
21.62
20.12
19.69
20.56
19.63
19.69
20.44
19.56
18.63
20.25
20.81
21.25
21.50
20.38
19.25
18.75
18.25
19.38
19.50
18.81
18.81
18.87
18.31
19.00
20.06
19.50
19.12
19.69
19.12
20.75
20.75
21.13
20.19
20.62
21.13
21.62
21.75
21.69
19.56
19.94
20.50
20.50
19.25
19.50
18.69
16.81
17.12
17.19
18.00
16.56
17.19
16.56
16.37
17.06
16.37
14.88
14.88
14.81
14.81
14.69
15.00
14.06
14.38
14.00
14.25
14.06
14.44
15.00
15.37
15.19
15.06
14.31
14.31
17.00
16.69
17.06
16.50
17.56
18.03
18.69
19.31
18.50
18.81
18.94
18.50
19.00
19.87
20.25
19.38
19.06
20.19
20.06
21.31
21.44
22.25
22.31
20.50
19.56
19.31
18.56
18.50
18.50
18.87
20.38
19.50
18.94
20.12
20.12
21.50
22.06
20.00
19.63
20.87
21.75
22.19
22.06
23.62
22.31
24.25
25.75
53.50
48.94
51.44
53.50
52.19
56.69
61.05
59.94
60.66
55.23
56.86
58.00
57.75
58.44
58.88
62.00
58.44
62.44
63.44
60.94
59.50
59.19
58.06
56.81
56.11
54.31
51.69
50.50
50.00
51.44
48.50
46.69
47.06
47.69
47.56
47.50
46.75
47.94
47.38
48.00
47.25
49.31
50.81
48.31
52.00
50.06
50.06
48.69
53.56
55.12
52.69
57.25
58.31
57.69
56.50
58.88
56.94
57.13
54.44
51.81
51.62
53.31
52.37
51.25
54.44
51.75
54.12
51.69
53.75
55.62
101.25
96.62
91.19
92.38
90.44
94.50
91.19
95.75
94.81
96.56
92.87
91.31
92.56
89.13
84.00
87.56
86.37
87.27
87.69
85.81
89.94
94.00
100.75
101.38
105.69
101.00
107.62
102.81
99.31
105.44
110.13
113.13
110.69
115.06
117.87
124.31
124.06
126.75
121.31
128.31
120.50
118.88
121.12
126.88
123.88
111.88
113.81
109.25
119.44
125.00
131.75
125.19
130.38
127.31
133.31
135.81
125.75
135.94
139.12
139.56
138.69
141.31
144.19
134.94
123.00
125.00
121.56
116.25
114.25
121.31
125.75
122.25
122.00
122.87
125.69
128.00
122.00
130.31
114.62
113.25
110.37
115.20
116.25
113.81
111.25
114.88
114.12
119.00
115.81
108.75
113.50
112.62
114.88
114.06
108.00
103.31
98.81
100.25
103.75
101.62
110.00
110.19
112.25
106.25
111.31
113.50
106.56
103.94
100.44
96.75
87.19
92.75
97.75
99.50
95.00
104.00
102.50
111.94
102.81
100.31
100.69
98.19
99.31
103.50
99.94
102.50
98.00
100.00
98.31
97.00
94.87
99.00
103.00
105.25
110.06
117.81
116.00
115.00
110.19
103.06
97.88
94.56
95.06
94.69
92.81
90.63
92.44
89.62
90.25
91.19
89.44
90.63
92.25
91.44
89.62
96.37
88.31
83.63
81.50
80.25
77.62
80.13
77.88
76.38
75.06
74.50
73.94
76.12
75.13
68.50
73.25
74.56
73.19
64.03
67.69
66.69
65.56
66.38
67.19
67.94
64.56
61.72
63.31
59.06
59.62
61.31
64.94
63.31
70.31
69.25
79.06
76.94
76.81
75.37
77.81
75.00
77.44
75.56
74.50
76.38
73.50
70.56
68.62
65.25
62.06
64.75
62.12
61.37
60.38
60.75
59.19
58.75
60.12
60.31
60.50
60.06
60.00
59.69
55.38
54.44
54.13
54.75
53.81
55.25
55.75
55.69
53.88
54.37
53.69
50.94
53.31
52.38
54.06
52.87
54.44
53.06
53.25
55.94
53.69
54.50
55.63
54.50
49.88
47.37
46.31
45.31
46.31
45.38
42.56
42.19
42.31
43.69
45.38
46.50
47.13
46.38
47.94
46.06
45.44
46.44
48.12
48.44
47.69
48.94
48.12
47.44
46.56
44.81
44.06
43.50
44.06
41.50
41.94
43.94
42.50
45.19
45.25
44.37
44.37
46.19
46.50
44.75
45.25
45.87
44.50
47.00
46.50
49.56
46.00
43.00
44.06
45.75
40.94
39.19
36.38
34.38
34.06
33.87
35.44
35.75
35.53
34.63
36.25
36.75
36.87
37.12
38.00
37.06
36.06
35.94
35.88
35.37
33.25
33.81
33.69
33.00
35.06
33.50
35.50
34.06
35.50
34.06
33.19
32.19
32.56
34.12
34.38
33.19
33.44
34.19
34.63
33.75
34.81
36.94
37.44
38.44
38.44
37.19
36.00
37.00
38.31
37.69
39.63
38.31
37.19
37.75
36.31
37.88
40.19
39.19
40.94
41.19
40.87
40.13
40.50
39.38
38.75
38.81
40.56
40.87
41.31
41.38
46.50
46.12
45.87
45.00
45.00
41.75
43.31
41.25
40.94
40.06
40.81
40.87
39.25
39.81
38.00
35.06
35.19
33.44
32.81
33.56
32.50
33.75
32.00
32.00
32.06
33.75
32.75
33.69
36.00
34.12
31.94
35.06
35.12
35.94
36.25
35.31
35.75
35.44
34.81
36.00
35.69
34.00
33.56
35.12
36.63
38.06
38.19
38.69
37.81
37.62
37.12
36.44
36.81
35.25
37.44
35.50
36.75
37.12
36.06
37.50
36.69
36.63
37.37
38.75
37.44
35.12
30.81
31.94
32.56
32.19
35.06
35.69
38.13
39.50
39.06
38.75
38.50
38.31
37.00
36.94
36.75
36.00
37.31
38.19
37.19
37.62
38.13
37.37
38.25
35.12
34.63
35.56
34.12
31.19
34.19
37.50
40.37
40.81
41.19
43.00
40.62
41.00
42.56
41.94
40.50
39.44
40.06
39.00
37.94
36.50
36.87
36.00
34.19
35.12
34.63
36.50
35.12
33.62
34.44
34.69
34.94
35.00
35.62
36.25
36.87
37.50
34.44
33.44
33.94
32.06
31.69
32.56
30.50
30.37
29.00
29.94
28.69
28.69
28.19
28.56
28.25
27.81
27.38
27.06
27.31
28.12
28.00
27.50
28.12
27.81
28.06
28.25
27.25
26.87
26.81
26.31
26.87
26.25
26.62
27.44
26.75
26.69
27.88
28.88
29.56
29.38
28.50
29.56
30.06
30.44
30.12
30.94
30.44
30.19
30.31
29.69
29.06
28.00
27.38
27.00
26.94
27.75
27.94
27.69
27.50
29.00
29.00
27.94
28.62
27.44
26.94
26.44
25.63
25.00
25.50
26.25
27.06
27.31
27.50
27.50
27.44
26.94
26.56
27.16
28.00
26.13
26.37
26.75
26.94
26.34
26.69
27.12
27.00
26.13
24.06
22.75
24.44
24.06
24.44
23.12
22.75
23.62
23.50
22.31
21.31
21.25
20.00
20.44
20.56
19.62
19.50
19.37
19.00
19.44
19.19
18.50
18.31
18.25
18.31
17.69
18.31
18.50
19.19
19.13
19.44
19.50
19.25
18.91
19.06
18.81
19.19
19.75
19.50
18.25
18.19
18.19
17.50
18.94
15.87
16.25
13.12
13.19
13.12
13.31
13.12
12.94
13.31
13.69
13.81
13.94
14.31
13.94
14.12
14.56
14.75
15.25
15.56
15.81
15.63
15.75
15.87
17.75
17.75
17.50
17.38
17.62
18.19
18.50
18.25
18.06
18.50
18.44
18.00
17.62
18.38
18.69
19.75
19.00
18.38
17.94
17.38
17.03
16.50
17.50
18.12
16.75
16.56
17.75
18.56
19.06
18.69
20.12
21.50
23.81
22.69
22.69
22.69
21.75
21.50
21.81
21.94
22.13
21.94
21.53
21.69
22.06
21.31
21.12
21.50
21.75
22.81
21.94
22.31
21.81
21.94
21.50
22.06
22.38
22.94
21.81
21.50
22.19
22.50
22.50
22.38
21.75
22.00
22.69
22.25
23.06
23.62
24.00
24.62
24.44
23.62
23.25
23.00
23.62
22.06
24.56
26.81
29.19
26.31
19.75
19.75
19.19
17.50
17.38
16.50
16.44
16.25
15.81
16.12
16.56
16.16
17.34
17.50
16.44
15.94
15.63
15.19
13.25
13.69
13.75
13.81
13.69
13.06
13.19
14.25
14.69
14.69
15.13
15.31
15.38
15.56
15.75
15.94
16.34
15.50
15.81
16.06
16.31
16.25
16.62
16.75
16.69
16.62
16.69
16.94
16.62
16.62
17.00
17.25
16.88
16.62
16.88
17.25
17.00
17.25
17.75
17.69
17.56
17.56
17.06
17.00
16.50
16.88
17.00
17.00
17.00
17.00
17.69
17.62
17.50
17.87
18.12
18.50
18.00
18.38
19.00
18.56
18.44
18.75
18.25
18.88
19.00
19.13
19.50
19.25
18.88
18.00
17.50
18.25
18.63
16.75
16.50
16.50
16.62
17.25
16.12
16.25
16.50
16.56
16.37
16.25
16.37
16.62
16.50
16.62
17.00
16.50
16.12
16.25
17.00
17.13
16.88
16.62
16.37
17.00
17.62
17.87
16.31
16.12
15.75
15.69
15.63
15.81
16.00
15.25
15.38
16.31
16.62
16.75
16.62
16.62
16.62
16.88
17.25
17.19
17.25
16.94
16.75
16.75
17.25
17.87
18.12
18.25
17.75
17.62
17.50
17.87
21.75
21.00
20.88
21.75
23.12
23.00
23.12
23.25
23.50
22.25
23.12
22.50
22.63
23.25
23.88
24.00
24.50
25.00
25.12
25.00
25.00
25.12
25.12
24.13
24.50
24.25
25.00
25.25
24.50
25.00
24.87
24.75
25.00
25.63
25.56
25.25
26.00
26.25
25.88
25.50
25.50
24.38
24.25
23.00
22.87
23.25
24.50
24.50
24.75
24.75
24.87
25.63
26.56
26.37
25.75
25.25
25.25
24.25
24.19
23.00
23.25
23.12
22.81
22.38
23.62
24.62
22.19
22.31
22.38
22.38
22.50
22.38
22.87
23.37
23.50
23.00
22.38
21.00
20.38
21.12
21.50
22.00
23.00
22.87
24.13
24.13
24.25
24.50
24.87
24.86
24.13
23.88
23.25
23.00
23.50
23.62
22.50
22.25
22.75
22.50
23.00
23.12
22.13
22.38
21.50
21.00
21.62
21.25
22.00
21.37
22.25
22.00
21.00
20.81
20.50
20.25
20.75
20.88
16.88
16.88
17.19
18.06
17.87
18.75
19.00
19.13
19.50
19.37
21.00
21.50
21.00
20.63
19.87
20.63
22.25
22.63
22.75
23.12
22.75
23.62
23.94
24.62
24.25
24.00
24.13
24.38
24.25
25.12
24.19
24.75
26.13
25.50
24.87
26.37
26.75
26.25
26.06
27.12
27.94
27.63
28.37
28.50
27.50
27.06
27.25
26.13
26.75
26.87
25.63
23.88
23.75
24.38
24.38
24.75
24.75
24.87
24.25
24.75
25.12
25.06
24.75
25.25
25.88
25.75
25.50
25.75
26.00
26.00
24.38
24.13
24.56
25.00
25.50
24.56
24.19
25.25
23.88
24.00
25.38
25.12
25.25
25.75
26.13
25.88
25.63
25.75
25.81
25.88
26.00
25.81
26.19
26.62
26.25
26.87
27.50
27.75
28.62
29.50
29.87
29.87
29.63
29.00
27.50
28.00
27.63
28.12
28.37
27.75
27.88
28.25
29.63
29.25
29.25
28.37
27.63
27.31
29.13
30.62
30.25
32.25
31.62
30.50
29.87
31.94
34.00
34.56
34.12
33.87
35.00
34.25
32.75
34.63
34.25
31.56
32.12
32.12
31.87
32.00
32.38
32.06
32.25
32.50
32.63
32.75
32.25
35.25
38.25
38.38
38.00
38.62
39.38
38.56
38.75
39.50
39.50
37.62
38.13
39.25
40.00
39.38
40.19
38.62
38.62
38.62
40.13
39.94
41.00
41.50
40.87
39.75
39.38
38.87
39.63
38.13
36.50
36.63
36.63
36.31
35.25
34.75
34.88
34.75
35.12
35.12
35.12
34.75
37.37
36.63
36.13
36.00
35.31
34.88
34.69
34.81
35.69
36.50
36.38
37.62
37.62
37.25
37.75
36.25
37.37
37.52
37.06
37.00
36.63
36.75
36.69
35.88
40.00
42.37
42.94
44.25
44.75
44.75
43.75
43.50
42.94
43.00
43.38
43.13
43.00
44.75
45.75
45.50
44.75
44.12
44.88
44.62
44.50
44.06
43.38
43.06
42.75
43.13
42.50
43.38
44.25
45.00
44.37
43.50
45.00
45.50
46.81
45.38
45.75
45.38
43.75
47.06
45.50
48.12
49.00
48.75
47.62
47.00
47.13
48.63
48.63
47.00
46.50
46.94
46.44
47.25
46.63
46.38
48.12
48.75
49.12
49.37
47.37
44.37
43.87
43.63
43.63
44.00
44.17
43.50
42.94
43.13
44.00
43.50
42.12
42.19
41.56
42.00
42.69
43.38
43.50
43.87
44.12
42.75
43.38
44.00
43.75
43.63
43.63
41.00
41.44
41.25
40.50
38.87
38.50
38.13
38.13
38.25
38.25
37.88
38.25
37.75
39.00
39.12
37.62
36.38
37.50
38.38
38.25
39.00
37.75
36.63
36.75
36.75
34.75
33.87
35.50
35.25
35.37
34.38
34.38
37.19
37.75
37.12
38.06
36.25
35.25
35.12
35.25
35.00
35.00
38.13
39.50
39.75
39.56
38.31
39.75
40.25
40.00
40.00
39.50
38.25
39.00
40.19
40.81
41.00
42.50
43.19
42.56
42.94
43.75
43.75
43.63
42.31
40.81
40.50
40.50
41.63
40.13
40.37
40.13
39.88
39.50
40.98
41.63
42.25
42.62
45.87
45.62
45.00
44.50
44.88
45.38
46.75
43.69
41.20
42.00
38.87
39.38
38.38
39.00
39.50
39.12
39.12
38.87
38.62
38.38
38.50
39.12
37.25
37.12
37.88
36.38
36.50
36.25
35.88
36.63
37.56
37.19
36.56
36.19
37.25
38.25
37.81
37.75
36.87
37.37
38.13
40.00
40.00
40.94
41.38
42.50
41.12
41.31
41.63
42.25
40.75
40.37
41.50
41.38
43.13
43.19
42.12
42.75
43.25
42.62
42.25
42.62
41.00
41.25
41.25
39.75
41.12
41.12
42.12
39.63
38.87
37.00
36.25
37.88
33.75
33.13
33.69
34.12
33.87
33.87
33.94
33.94
33.87
34.12
34.56
35.50
36.38
36.00
35.12
35.81
35.75
35.75
36.13
36.13
35.56
35.37
35.00
36.19
36.25
35.37
35.75
35.06
34.88
35.00
34.88
34.88
34.63
35.00
34.75
34.63
34.75
34.31
34.63
33.62
33.75
33.25
33.25
33.13
32.56
33.37
33.69
31.87
31.06
31.38
31.69
31.00
28.00
26.62
27.69
28.37
28.25
28.62
29.69
28.37
27.00
27.06
26.81
26.13
26.50
25.75
26.50
26.13
26.75
26.25
25.61
25.12
26.25
26.00
27.12
26.50
26.37
27.81
27.06
27.00
26.50
27.00
26.13
27.50
27.38
27.63
27.38
28.25
29.25
29.94
30.50
31.25
30.75
30.50
31.06
32.12
30.62
29.38
29.50
30.00
29.69
30.25
31.00
31.25
32.31
32.88
33.00
30.25
31.00
30.00
30.25
31.25
31.00
29.75
29.63
28.25
29.00
29.63
30.25
31.50
31.75
32.00
33.50
33.50
33.37
33.50
33.50
33.25
33.25
32.50
32.75
33.25
32.75
34.63
35.12
35.00
35.50
36.38
36.50
36.75
37.62
38.13
37.25
37.25
37.50
37.00
37.88
36.75
35.75
35.62
36.25
36.50
36.00
36.63
37.25
37.25
36.25
37.00
36.75
37.12
37.00
37.00
36.50
36.25
35.75
36.50
33.50
33.50
33.00
33.25
32.75
34.00
34.12
33.50
33.87
35.00
33.37
29.87
29.25
29.38
30.37
31.00
30.62
30.50
31.87
33.62
33.13
32.75
33.75
31.50
29.87
29.25
29.75
28.50
29.13
28.50
27.25
28.00
27.50
28.50
29.50
29.38
29.75
29.13
29.50
28.25
30.00
31.87
32.25
32.25
31.50
31.75
31.50
31.50
31.75
32.63
33.00
33.00
32.50
33.00
33.50
33.50
34.00
32.00
31.75
31.38
30.75
30.12
30.75
31.87
32.25
31.62
32.75
31.50
30.75
31.00
31.75
29.75
30.00
30.25
30.25
27.75
27.75
28.37
28.25
23.75
24.00
24.00
23.75
22.63
23.00
23.62
23.50
22.75
22.75
23.37
23.88
24.75
24.75
25.00
24.75
25.50
24.50
24.87
25.25
24.75
24.50
24.25
25.25
26.25
26.00
26.75
26.25
25.75
25.75
26.13
26.50
26.00
26.50
26.87
27.25
28.00
28.37
28.00
27.50
28.50
28.37
27.50
27.38
26.50
27.50
28.50
29.75
29.25
29.50
30.25
29.00
28.50
27.75
27.25
26.87
26.50
26.87
26.25
26.50
26.25
26.87
25.63
27.50
35.75
37.25
37.25
38.00
36.75
36.50
36.50
37.75
38.50
38.00
39.50
39.00
40.13
40.00
41.75
40.50
41.38
39.63
41.00
41.25
42.25
42.00
44.62
43.75
44.50
44.25
49.50
50.75
54.87
56.37
57.00
57.00
56.62
57.50
57.75
56.37
57.63
57.50
58.75
57.25
55.50
55.75
55.50
55.50
53.25
54.50
55.00
54.75
53.75
54.50
53.38
51.88
51.25
50.75
51.37
50.25
49.00
49.25
50.00
49.62
50.00
48.50
48.12
47.25
48.75
48.50
50.00
49.75
50.50
48.75
50.00
50.13
51.75
51.50
52.25
51.00
53.25
54.75
53.75
52.75
53.25
53.75
54.50
55.12
56.50
57.00
56.25
56.88
56.75
56.75
56.50
55.00
55.00
54.62
54.25
53.25
53.00
54.75
53.63
54.25
55.12
55.00
55.00
53.88
53.00
53.88
55.12
55.75
56.88
56.50
57.25
59.50
60.00
60.25
61.25
59.50
59.87
60.25
60.75
60.00
59.50
60.00
60.00
59.75
59.50
60.25
65.00
63.50
61.50
64.13
62.25
61.00
61.75
59.25
58.25
59.75
58.75
59.62
59.50
59.00
59.75
60.63
59.62
58.25
56.88
55.00
56.37
57.25
57.50
57.25
57.63
58.12
57.75
56.88
57.50
57.25
58.25
57.50
56.50
56.50
57.50
56.75
57.50
58.25
57.75
55.25
57.38
56.25
56.88
56.75
56.25
55.25
55.75
55.00
52.50
52.00
52.25
52.50
53.25
52.25
51.50
51.50
48.75
48.75
48.50
49.12
49.00
49.00
45.50
46.00
45.38
44.00
43.38
43.50
43.75
44.75
43.50
43.75
44.25
45.13
44.88
44.75
45.50
46.25
47.50
45.75
46.50
46.50
46.00
47.00
48.25
49.50
47.62
49.25
49.00
47.75
47.25
47.75
48.50
46.50
46.00
45.00
44.50
44.25
44.37
43.25
44.62
44.75
44.50
44.75
44.75
44.75
44.75
44.12
43.50
44.12
43.38
44.00
44.75
45.50
45.75
46.75
47.25
47.25
46.50
45.25
45.87
44.75
44.25
45.75
44.75
45.00
48.75
48.00
47.50
47.00
45.75
45.87
45.75
44.25
46.25
46.25
49.00
48.00
46.75
45.25
45.62
46.00
45.25
44.25
44.75
45.25
47.50
49.25
52.62
54.62
53.88
53.75
54.00
54.25
54.87
54.50
54.13
56.50
57.50
59.75
59.50
60.25
59.25
59.50
59.13
60.00
59.38
60.38
60.63
61.37
62.75
62.25
62.25
62.00
60.75
61.75
60.50
60.50
59.25
60.12
57.00
54.25
55.75
56.50
57.00
57.63
56.25
56.75
59.00
60.50
58.75
56.50
55.50
57.25
55.88
57.25
60.75
59.00
58.75
59.00
58.25
58.12
61.00
64.00
64.50
65.00
63.00
63.25
63.00
63.75
62.88
63.37
63.12
62.75
63.25
63.75
63.75
64.00
63.50
65.00
66.38
67.25
67.50
68.50
69.88
68.50
66.13
65.00
64.63
62.00
62.75
64.13
64.25
65.25
62.88
63.12
64.00
64.13
66.13
65.75
65.75
64.75
63.75
63.25
65.25
64.50
64.63
64.50
63.50
61.13
64.00
64.75
62.75
63.50
64.50
62.00
62.25
62.25
60.50
59.13
58.00
59.00
59.50
56.37
56.75
55.00
54.87
52.25
51.50
50.25
50.75
51.75
50.50
50.50
50.38
49.37
49.00
49.12
49.12
48.75
50.00
50.50
50.50
51.75
50.75
51.00
51.50
51.25
51.25
51.00
50.50
51.25
52.13
50.00
54.75
54.13
54.50
53.75
53.25
49.75
48.00
48.75
49.75
51.00
51.50
49.75
51.75
51.50
51.25
52.13
53.12
54.50
54.75
55.00
52.38
53.50
52.50
49.88
48.50
47.75
48.00
48.25
48.12
48.25
47.75
49.75
50.75
49.50
49.00
50.00
50.50
50.25
49.50
50.63
49.75
50.13
49.00
47.25
48.63
50.63
50.50
50.13
53.25
51.50
51.00
51.50
52.50
53.00
53.00
53.25
54.00
53.00
53.00
54.25
53.75
51.00
50.50
53.25
53.25
54.87
53.50
51.75
50.75
50.50
50.38
49.50
48.50
50.00
49.12
46.25
46.50
45.50
44.88
45.25
45.00
45.00
46.00
46.00
44.88
42.50
43.75
45.50
46.75
46.75
47.25
46.88
46.75
45.62
43.13
42.25
42.50
41.50
42.50
43.00
42.37
41.75
42.00
42.00
41.75
42.12
42.00
41.12
42.12
42.37
44.62
46.00
46.12
46.63
48.00
49.12
49.25
47.00
47.62
47.00
46.00
45.87
45.13
46.25
45.25
44.25
47.00
49.00
50.50
53.50
52.75
51.25
50.75
49.75
50.63
50.25
49.00
49.00
47.25
55.00
58.25
58.62
58.50
60.75
61.50
61.50
59.62
61.00
63.25
64.25
62.25
71.75
71.00
66.87
68.75
70.00
69.38
71.50
70.00
72.75
68.50
68.00
69.25
70.00
64.50
63.25
64.75
67.75
69.50
67.75
66.25
65.25
66.25
62.88
63.50
65.00
67.25
63.00
63.12
58.37
57.75
57.25
58.25
58.25
58.00
59.75
59.00
61.00
60.00
57.63
57.13
60.00
60.00
61.37
59.87
57.75
56.88
57.75
55.25
55.75
55.50
55.50
53.75
54.50
53.50
52.13
51.75
51.25
50.75
50.25
51.25
49.75
46.75
46.25
47.00
47.13
45.25
43.25
43.25
43.25
43.00
43.50
43.00
43.00
43.50
43.75
44.00
45.00
44.00
41.88
42.25
40.13
39.88
40.75
39.63
40.00
41.75
42.50
41.25
40.13
38.50
38.13
36.75
36.75
36.75
37.50
36.75
36.38
36.13
35.50
36.38
35.12
36.00
37.00
36.00
36.25
35.50
34.50
33.25
33.50
33.25
31.75
30.50
30.75
30.37
29.87
30.00
30.00
30.50
31.00
31.13
31.38
28.50
26.50
25.00
27.75
28.25
27.75
26.50
28.00
29.13
28.00
28.00
27.00
29.63
30.50
29.00
28.25
29.75
30.00
30.25
31.50
31.62
32.50
33.37
33.75
34.00
33.75
34.00
34.00
35.75
36.38
35.75
36.00
37.00
37.00
36.25
37.25
38.13
37.75
35.50
34.50
35.12
36.25
36.75
36.50
38.50
39.25
39.75
39.88
38.75
39.50
40.13
39.50
39.50
41.25
43.50
42.37
42.00
42.37
41.38
41.38
42.25
42.12
41.50
41.00
41.75
44.62
44.25
45.62
46.75
47.37
47.00
47.00
46.63
44.75
43.50
44.00
44.00
44.75
43.00
41.50
40.62
41.25
41.50
41.88
40.00
39.63
39.25
39.50
39.75
39.75
40.50
39.00
38.25
39.00
39.50
39.50
40.75
40.75
41.25
41.38
41.00
40.00
42.00
42.00
41.38
39.50
39.75
41.50
41.63
41.75
41.75
42.62
41.38
41.88
41.75
41.50
40.00
40.00
39.75
39.63
39.38
39.12
38.87
38.75
38.75
39.75
40.25
40.25
43.25
43.25
43.75
43.25
42.50
41.25
41.12
39.88
40.25
41.25
41.75
40.25
40.25
41.12
41.25
42.00
42.25
42.25
40.75
41.63
41.38
42.37
40.25
36.75
37.00
36.87
36.63
36.87
36.75
35.37
35.25
34.50
33.75
34.25
34.00
33.50
34.00
33.25
33.00
34.00
33.50
33.75
34.25
34.25
34.50
34.00
34.25
33.00
33.25
34.75
35.00
34.25
33.62
34.00
34.00
33.25
32.75
34.12
34.00
33.75
33.25
34.25
32.38
33.25
34.88
34.25
34.50
34.50
36.00
37.62
38.00
37.75
37.62
37.50
37.25
35.25
34.63
35.12
35.50
36.50
36.25
35.75
35.00
34.75
33.75
34.88
36.00
36.00
39.25
41.75
42.75
42.75
45.00
45.25
44.00
44.25
44.00
44.12
44.00
44.75
44.75
45.25
45.25
44.75
44.75
44.25
44.75
46.50
46.75
46.00
45.00
44.00
43.25
43.25
44.00
46.12
46.50
45.75
45.25
45.25
46.50
47.62
46.75
48.00
48.75
48.25
47.25
46.75
45.75
48.75
48.88
49.50
49.50
48.12
45.50
44.25
43.63
44.37
44.50
45.50
44.75
45.25
45.25
44.88
44.75
44.62
43.25
44.00
45.00
44.75
45.00
46.00
45.75
45.00
44.75
44.75
44.75
44.62
44.50
44.50
44.12
44.75
44.75
44.12
43.75
42.88
42.25
42.25
41.00
40.37
41.38
40.75
41.88
43.25
44.00
44.12
43.75
42.75
41.25
40.50
39.88
39.75
39.38
39.25
38.25
38.75
39.25
40.00
40.00
40.50
39.25
40.75
40.75
40.62
40.00
39.75
40.50
41.25
41.25
40.50
40.75
41.25
40.62
41.75
42.62
43.50
43.87
43.25
42.50
43.00
44.00
44.50
47.50
49.62
48.50
47.50
47.00
47.62
48.25
46.75
47.00
49.00
48.75
47.75
47.50
48.50
48.25
47.75
45.50
46.00
45.75
44.75
45.25
45.38
46.00
45.00
43.87
43.25
42.50
42.25
41.50
41.00
40.25
39.88
39.00
39.00
39.38
39.75
40.00
40.13
40.13
40.75
40.87
40.13
39.25
38.75
38.50
38.50
37.75
37.00
37.37
36.00
35.00
34.50
35.00
35.62
34.75
34.25
34.00
33.75
34.38
33.87
34.88
34.88
34.88
35.25
35.00
35.25
35.00
35.00
34.50
35.25
35.75
35.50
34.75
35.00
36.00
36.25
36.50
36.00
36.75
36.75
37.50
36.75
36.38
36.25
35.75
37.00
37.25
38.25
38.25
39.00
38.50
39.25
39.75
39.25
37.75
37.37
37.62
41.75
41.50
41.63
41.00
41.00
40.50
39.75
40.37
43.75
43.25
42.75
42.12
42.62
43.00
42.62
42.25
42.00
40.37
40.25
40.50
40.25
40.50
41.12
41.00
41.75
41.00
40.75
40.13
39.50
39.75
38.75
38.50
39.12
39.12
39.38
39.50
39.50
39.25
38.75
37.62
36.75
36.50
36.50
36.87
36.13
36.63
38.00
38.25
38.00
39.00
38.87
38.50
39.50
39.25
38.50
37.50
37.75
37.12
37.25
38.00
38.62
38.50
39.00
39.25
39.88
40.00
41.00
41.50
40.00
39.38
38.50
38.75
39.00
38.75
39.00
38.50
39.75
39.75
40.87
41.50
42.50
43.25
44.00
43.50
43.38
42.75
43.75
44.00
42.75
41.50
41.75
42.25
41.63
42.00
41.00
41.00
40.50
38.75
38.25
38.87
39.75
38.87
39.88
40.87
40.87
40.25
40.13
40.75
39.50
39.75
40.75
42.50
42.00
42.50
41.25
42.50
43.25
41.88
43.50
44.00
44.25
44.62
44.75
44.62
45.00
44.37
42.62
42.75
42.75
42.75
42.50
43.00
44.25
44.75
45.50
45.00
45.00
44.75
44.75
45.13
45.25
45.87
46.50
47.25
46.50
46.25
46.38
46.25
44.50
45.00
45.00
45.62
44.88
44.12
44.75
44.50
45.75
45.25
45.00
44.50
43.50
45.00
44.00
44.00
43.00
41.75
42.50
41.50
39.75
39.38
38.50
38.87
38.00
38.75
39.00
39.75
40.50
41.25
40.50
39.75
39.50
40.87
40.75
41.25
41.75
42.00
41.75
41.00
41.00
41.38
41.75
41.50
40.87
40.13
39.50
39.75
40.25
40.00
39.50
39.50
41.25
41.75
41.50
41.00
40.75
41.75
39.25
38.75
40.00
39.50
41.00
41.50
40.13
40.87
42.50
44.00
43.87
44.75
45.00
46.12
45.00
46.25
45.75
45.25
46.75
46.25
46.88
46.88
46.50
44.75
43.25
43.00
41.75
41.75
42.25
42.75
43.25
41.75
41.75
41.88
41.25
41.00
40.62
41.00
39.75
38.75
38.62
39.75
39.50
41.25
41.75
41.50
41.25
39.75
39.75
40.87
39.25
40.13
39.75
42.75
42.75
42.88
42.25
42.25
42.00
42.50
40.00
44.50
43.75
44.62
44.75
42.00
43.38
42.12
40.25
42.62
42.25
41.50
41.75
40.50
39.25
39.25
37.50
37.25
34.00
34.75
35.00
34.50
33.00
30.75
30.50
32.50
33.25
33.00
35.00
36.50
37.00
36.25
35.50
34.50
36.25
35.00
36.75
37.25
38.75
37.25
36.25
37.25
37.75
38.00
36.00
36.25
38.75
38.62
39.50
33.50
30.25
28.00
35.50
36.75
40.50
34.50
36.50
48.25
52.00
53.25
54.50
53.25
54.13
54.25
55.50
55.75
59.25
58.50
58.25
56.50
54.50
55.75
57.50
56.50
55.25
54.13
50.25
51.75
52.00
51.75
51.75
53.00
54.50
53.75
52.75
49.88
50.50
51.25
52.00
52.50
54.00
52.00
52.00
52.00
52.00
52.25
53.00
51.75
50.00
48.75
49.50
49.00
49.00
48.75
49.50
48.25
46.50
46.25
43.25
42.25
40.25
41.25
41.50
41.00
41.88
42.25
42.50
41.75
42.50
41.38
41.75
43.25
44.00
44.00
43.00
40.50
38.00
37.75
37.25
39.25
40.75
40.62
40.00
40.50
40.75
40.50
40.50
42.00
41.25
42.00
41.00
41.50
40.50
41.50
78.50
79.00
79.00
78.50
78.50
77.75
77.75
78.50
77.75
77.25
77.75
79.00
80.00
79.50
78.00
74.12
74.50
74.50
73.25
75.75
78.25
79.25
78.50
75.50
77.00
79.00
80.25
80.00
80.25
79.75
80.00
79.25
77.75
77.00
75.00
74.75
76.00
74.25
74.75
71.13
71.50
71.00
68.00
67.50
70.25
71.00
69.00
67.75
70.00
71.75
71.75
66.75
64.50
62.50
65.00
67.25
66.75
66.25
67.50
68.25
68.37
66.00
67.00
65.25
63.50
65.25
66.25
66.75
64.63
67.25
68.50
67.63
65.00
67.50
70.00
69.13
69.13
65.50
63.12
61.25
62.38
63.50
66.38
62.13
58.63
56.50
52.75
52.62
54.00
53.87
55.00
55.50
55.88
55.50
54.13
55.38
52.75
49.75
50.25
52.50
49.00
51.63
53.12
48.75
49.87
48.13
44.63
45.50
45.38
44.75
44.75
43.75
43.00
40.87
40.50
41.00
40.50
41.00
41.88
42.12
42.12
42.12
41.38
41.25
42.50
41.75
41.25
42.87
43.50
42.38
42.50
43.75
42.50
42.75
41.50
40.13
40.00
40.50
40.25
38.00
36.00
35.25
35.00
35.38
36.37
35.25
35.50
36.63
35.50
35.38
35.75
36.13
37.00
35.75
35.00
34.62
34.25
33.37
33.37
34.00
33.00
33.13
32.50
32.75
32.87
33.63
33.63
33.37
34.00
34.62
33.25
33.00
32.75
33.00
34.13
33.75
34.13
34.13
33.50
32.50
34.25
34.50
35.12
36.13
35.25
33.63
34.00
34.25
34.88
33.13
31.75
32.63
35.00
35.75
34.75
35.12
35.50
34.75
34.75
37.00
37.75
37.00
36.63
36.37
36.25
35.75
36.25
35.38
35.38
35.75
36.00
36.00
34.25
33.50
31.62
31.75
31.12
32.12
31.50
31.38
31.25
30.50
31.25
32.37
34.00
33.13
34.13
34.62
33.50
31.75
32.25
33.50
34.88
36.25
37.13
35.38
34.62
34.25
35.62
37.63
36.13
35.38
35.87
35.87
36.25
35.87
34.88
34.75
36.00
35.00
34.25
34.25
35.87
36.37
36.00
36.13
36.00
36.00
37.75
38.88
38.75
37.88
37.13
37.00
37.00
37.25
36.87
37.00
36.75
37.00
35.38
35.62
36.00
36.00
36.87
36.00
36.37
33.37
33.00
31.50
32.63
32.12
30.50
30.25
30.25
31.25
32.00
32.25
31.38
29.63
29.87
30.37
29.75
29.00
28.25
27.38
26.87
27.00
27.25
27.13
27.62
27.25
26.75
27.00
27.25
27.25
28.25
28.25
28.25
27.88
26.75
27.62
28.25
26.50
26.87
26.00
26.13
24.75
24.75
24.88
24.62
24.75
25.37
25.25
24.62
24.62
25.00
25.63
26.00
26.37
25.75
25.25
25.12
25.00
23.88
23.75
23.88
24.00
23.88
23.88
24.00
24.12
23.75
23.75
23.88
23.13
23.00
23.63
22.25
22.13
22.63
23.00
23.37
24.00
23.88
24.00
24.50
23.88
23.25
23.00
22.75
22.63
22.87
23.00
22.25
22.37
22.25
22.00
22.25
22.37
21.75
21.75
21.87
22.37
22.50
22.25
20.62
20.88
20.00
20.00
19.75
19.50
19.37
19.75
20.13
20.50
20.13
20.25
20.13
20.00
19.37
19.13
19.00
19.00
19.00
19.25
19.87
19.87
20.00
19.37
19.87
20.00
20.50
19.63
19.25
18.63
18.75
18.63
18.63
19.00
17.88
18.00
18.00
18.37
18.00
18.00
17.25
17.75
18.25
18.00
17.00
16.63
16.00
15.87
15.00
15.13
15.00
15.00
15.50
15.63
15.75
15.75
15.88
15.87
15.87
16.50
16.88
16.75
17.00
16.25
15.25
15.25
15.75
16.13
15.50
15.37
15.25
15.00
14.87
14.87
14.75
15.00
14.87
15.25
15.25
15.13
14.75
14.87
15.25
15.25
15.00
14.62
14.50
14.62
15.25
15.00
15.25
15.13
14.87
15.25
15.37
15.75
15.87
15.87
16.25
16.00
16.63
16.63
16.25
16.50
16.88
17.38
17.25
17.62
17.50
17.75
17.88
18.00
18.00
17.62
17.62
17.62
17.50
17.25
18.12
18.00
18.37
18.12
17.50
17.25
16.13
15.75
15.63
15.25
14.87
14.75
14.87
15.75
16.13
16.13
16.37
17.00
16.88
17.25
16.00
17.38
17.62
17.12
16.88
18.12
19.75
20.62
20.75
21.38
21.75
21.38
20.00
19.75
20.00
20.25
20.00
19.87
20.00
19.75
20.00
19.25
20.88
21.25
21.12
21.87
22.00
22.00
22.13
21.62
22.50
22.87
22.63
21.62
21.38
20.88
21.38
21.00
19.63
19.63
20.88
21.00
21.00
21.62
22.13
21.87
21.87
22.50
21.62
22.25
22.63
22.25
22.00
22.87
22.63
21.75
21.75
23.00
22.25
21.50
22.13
24.62
25.87
25.25
24.88
24.75
25.12
26.75
27.25
27.62
26.87
26.37
27.62
28.00
27.62
28.38
29.75
30.50
29.87
29.87
30.00
29.50
29.25
28.62
29.00
29.87
29.87
30.25
29.63
29.00
29.63
30.13
29.25
28.62
28.12
30.25
30.00
30.63
29.75
30.00
28.75
28.00
28.25
28.38
28.38
27.88
29.13
28.75
27.75
27.62
27.50
27.00
27.38
27.50
28.62
27.00
26.37
25.75
25.50
26.37
26.75
27.25
27.38
26.13
24.88
24.38
24.75
25.37
25.87
24.62
24.00
23.75
23.13
22.63
21.87
23.25
23.75
23.75
23.50
24.12
23.25
24.75
25.75
26.25
24.75
24.88
25.00
24.88
25.00
24.75
24.62
25.25
26.25
26.00
25.37
25.63
25.63
24.88
23.88
24.00
22.75
23.75
23.88
24.62
24.88
24.88
25.37
25.12
24.75
24.50
25.12
25.75
25.75
26.13
26.63
26.87
27.13
27.00
27.62
28.62
27.88
27.50
26.13
26.87
26.37
26.50
26.50
26.25
26.25
26.50
27.00
27.50
28.25
27.88
28.12
28.12
28.00
28.50
27.38
27.50
28.12
27.88
28.87
30.00
28.50
29.75
28.50
29.63
29.25
27.38
24.12
25.00
25.50
25.50
27.13
27.25
26.75
26.63
25.12
25.37
25.37
25.37
25.75
25.75
26.37
26.63
26.50
26.87
26.25
25.12
24.75
25.25
25.63
26.50
26.37
25.25
26.00
27.25
28.62
29.00
30.25
29.37
29.63
29.00
28.87
29.75
29.13
28.62
28.62
28.75
29.00
27.88
29.63
30.37
29.37
29.00
29.37
29.50
29.37
30.25
30.88
31.88
29.75
29.13
30.50
31.88
31.62
32.25
33.13
33.13
32.87
31.12
30.13
31.62
33.00
33.25
31.38
30.13
29.75
27.62
27.88
28.38
28.25
28.00
27.50
26.25
25.75
25.75
24.50
24.75
23.50
23.50
24.12
24.50
25.00
24.88
24.75
25.37
25.50
25.00
25.75
25.50
25.50
26.00
26.00
26.25
26.63
26.75
26.63
27.00
27.38
26.37
26.87
26.50
25.75
26.75
27.25
27.00
26.25
25.50
27.00
27.13
26.87
27.38
26.13
25.00
25.37
25.12
25.63
24.25
24.38
23.63
23.25
24.12
23.25
24.50
24.88
24.62
24.75
24.75
26.13
27.62
27.00
27.25
28.87
28.62
29.00
28.75
28.62
27.88
27.25
27.88
28.00
27.62
26.25
27.75
28.25
27.88
25.63
24.38
24.38
25.00
24.75
24.62
24.75
24.25
23.37
24.00
24.75
24.38
23.37
22.50
21.50
21.62
21.50
21.00
20.50
20.38
19.87
20.25
20.38
20.75
21.00
20.50
20.38
21.50
21.50
20.62
20.50
20.00
19.75
19.75
20.00
19.63
19.25
17.88
21.00
21.12
21.87
23.50
23.00
22.63
20.88
21.12
20.13
21.25
21.12
19.87
20.38
21.50
19.37
21.00
22.75
23.00
21.12
19.37
19.75
20.38
22.25
22.50
22.87
23.13
23.13
22.75
22.87
23.50
24.88
32.50
31.50
32.12
32.00
29.37
30.13
31.62
32.00
30.63
30.63
31.75
34.62
39.37
38.00
36.37
37.25
32.87
31.25
30.88
30.50
30.25
31.88
33.63
33.75
33.50
33.13
33.87
34.38
33.50
33.75
34.25
34.38
34.00
33.87
33.25
34.88
34.38
34.50
34.88
34.00
36.25
39.12
43.13
43.75
43.37
41.25
43.75
44.25
44.37
46.00
46.12
